mean: 50.02982
stdev: 9.99732
