mean: 0.99981
stdev: 1.00364
