mean: 3.99776
stdev: 1.99737
