mean: 1.00430
stdev: 0.99914
