mean: 50.03270
stdev: 28.86381
