mean: 50.07161
stdev: 28.89869
