mean: 50.01663
stdev: 28.91351
