mean: 50.10140
stdev: 28.88123
