mean: 50.04148
stdev: 28.91743
