mean: 49.94707
stdev: 28.86995
