mean: 49.86918
stdev: 28.87727
