mean: 50.06503
stdev: 28.88716
