mean: 49.95980
stdev: 28.91845
