mean: 49.89222
stdev: 28.87741
