mean: 50.03296
stdev: 28.81514
