mean: 0.50099
stdev: 0.28863
