mean: 49.90285
stdev: 28.87264
