mean: 50.02112
stdev: 28.88414
