mean: 49.97634
stdev: 28.87260
