mean: 49.98615
stdev: 28.88584
