mean: 50.01327
stdev: 28.86951
