mean: 50.00411
stdev: 28.86431
